EFRAME
*
1  0.4083  0.9126 -0.0210 -0.9128  0.4083 -0.0022  0.0066  0.0201 0.9998
  2  0.4082  0.9126 -0.0243 -0.9128  0.4083 -0.0022  0.0079  0.0230 0.9997
  3  0.4082  0.9124 -0.0295 -0.9128  0.4083 -0.0022  0.0101  0.0278 0.9996
  4  0.4082  0.9124 -0.0314 -0.9128  0.4083 -0.0021  0.0109  0.0295 0.9995
  5  0.4081  0.9123 -0.0346 -0.9129  0.4083 -0.0021  0.0122  0.0324 0.9994
  6  0.4081  0.9122 -0.0361 -0.9129  0.4083 -0.0021  0.0128  0.0338 0.9993
  7  0.4069  0.9124 -0.0434 -0.9133  0.4073 -0.0003  0.0174  0.0398 0.9991
  8  0.4066  0.9123 -0.0493 -0.9134  0.4071  0.0000  0.0201  0.0450 0.9988
  9  0.4065  0.9119 -0.0560 -0.9134  0.4071  0.0000  0.0228  0.0511 0.9984
 10  0.4063  0.9116 -0.0627 -0.9134  0.4071  0.0000  0.0255  0.0572 0.9980
 11  0.4061  0.9112 -0.0689 -0.9134  0.4071  0.0000  0.0280  0.0629 0.9976
 12  0.4060  0.9108 -0.0745 -0.9134  0.4071  0.0000  0.0303  0.0681 0.9972
 13  0.4058  0.9105 -0.0792 -0.9134  0.4071  0.0000  0.0323  0.0724 0.9969
 14  0.4057  0.9102 -0.0829 -0.9134  0.4071  0.0000  0.0337  0.0757 0.9966
 15  0.4056  0.9100 -0.0853 -0.9134  0.4071  0.0000  0.0347  0.0779 0.9964
 16  0.4056  0.9099 -0.0871 -0.9134  0.4071  0.0000  0.0355  0.0796 0.9962
 17  0.4078  0.9116  0.0525 -0.9128  0.4085 -0.0024 -0.0236 -0.0469 0.9986
 18  0.4079  0.9118  0.0479 -0.9128  0.4085 -0.0023 -0.0217 -0.0427 0.9989
 19  0.4079  0.9119  0.0451 -0.9128  0.4084 -0.0023 -0.0205 -0.0402 0.9990
 20  0.4080  0.9121  0.0399 -0.9128  0.4084 -0.0023 -0.0184 -0.0355 0.9992
 21  0.4081  0.9122  0.0382 -0.9128  0.4084 -0.0023 -0.0177 -0.0339 0.9993
 22  0.4081  0.9123  0.0337 -0.9128  0.4084 -0.0023 -0.0158 -0.0298 0.9994
 23  0.4072  0.9131 -0.0186 -0.9133  0.4073 -0.0003  0.0073  0.0171 0.9998
 24  0.4069  0.9129 -0.0320 -0.9134  0.4071  0.0000  0.0130  0.0292 0.9995
 25  0.4068  0.9126 -0.0401 -0.9134  0.4071  0.0000  0.0163  0.0366 0.9992
 26  0.4067  0.9124 -0.0470 -0.9134  0.4071  0.0000  0.0191  0.0429 0.9989
 27  0.4065  0.9121 -0.0528 -0.9134  0.4071  0.0000  0.0215  0.0483 0.9986
 28  0.4064  0.9118 -0.0585 -0.9134  0.4071  0.0000  0.0238  0.0534 0.9983
 29  0.4063  0.9115 -0.0633 -0.9134  0.4071  0.0000  0.0258  0.0578 0.9980
 30  0.4062  0.9113 -0.0670 -0.9134  0.4071  0.0000  0.0273  0.0612 0.9978
 31  0.4061  0.9112 -0.0694 -0.9134  0.4071  0.0000  0.0283  0.0634 0.9976
 32  0.4061  0.9111 -0.0711 -0.9134  0.4071  0.0000  0.0290  0.0650 0.9975
 33  0.0000  0.0000 -1.0000 -0.9132  0.4075  0.0000  0.4075  0.9132 0.0000
 34  0.0000  0.0000 -1.0000 -0.9133  0.4073  0.0000  0.4073  0.9133 0.0000
 35  0.0000  0.0000 -1.0000 -0.9134  0.4071  0.0000  0.4071  0.9134 0.0000
 36  0.0000  0.0000 -1.0000 -0.9134  0.4071  0.0000  0.4071  0.9134 0.0000
 37  0.0000  0.0000 -1.0000 -0.9134  0.4071  0.0000  0.4071  0.9134 0.0000
 38  0.0000  0.0000 -1.0000 -0.9134  0.4071  0.0000  0.4071  0.9134 0.0000
 39  0.0000  0.0000 -1.0000 -0.9132  0.4076  0.0000  0.4076  0.9132 0.0000
 40  0.0000  0.0000 -1.0000 -0.9132  0.4075  0.0000  0.4075  0.9132 0.0000
 41  0.0000  0.0000 -1.0000 -0.9132  0.4074  0.0000  0.4074  0.9132 0.0000
 42  0.0000  0.0000 -1.0000 -0.9132  0.4074  0.0000  0.4074  0.9132 0.0000
 43  0.0000  0.0000 -1.0000 -0.9132  0.4074  0.0000  0.4074  0.9132 0.0000
 44  0.0000  0.0000 -1.0000 -0.9133  0.4072  0.0000  0.4072  0.9133 0.0000
 45  0.0000  0.0000 -1.0000 -0.9134  0.4071  0.0000  0.4071  0.9134 0.0000
 46  0.0000  0.0000 -1.0000 -0.9134  0.4071  0.0000  0.4071  0.9134 0.0000
 47  0.0000  0.0000 -1.0000 -0.9134  0.4071  0.0000  0.4071  0.9134 0.0000
 48  0.0000  0.0000 -1.0000 -0.9134  0.4071  0.0000  0.4071  0.9134 0.0000
 49  0.0000  0.0000 -1.0000 -0.9134  0.4071  0.0000  0.4071  0.9134 0.0000
 50  0.0000  0.0000 -1.0000 -0.9134  0.4071  0.0000  0.4071  0.9134 0.0000
 51  0.0000  0.0000 -1.0000 -0.9252 -0.3796  0.0000 -0.3796  0.9252 0.0000
 52  0.4530  0.8910 -0.0310 -0.8914  0.4532 -0.0008  0.0133  0.0280 0.9995
 53  0.4530  0.8909 -0.0340 -0.8914  0.4532 -0.0008  0.0147  0.0307 0.9994
 54  0.4529  0.8908 -0.0379 -0.8914  0.4532 -0.0008  0.0165  0.0342 0.9993
 55  0.4528  0.8906 -0.0419 -0.8914  0.4532 -0.0008  0.0183  0.0377 0.9991
 56  0.4528  0.8905 -0.0449 -0.8914  0.4532 -0.0008  0.0197  0.0404 0.9990
 57  0.4526  0.8906 -0.0445 -0.8915  0.4530 -0.0005  0.0198  0.0399 0.9990
 58  0.4524  0.8908 -0.0440 -0.8916  0.4528  0.0000  0.0199  0.0392 0.9990
 59  0.4522  0.8905 -0.0496 -0.8916  0.4528  0.0000  0.0225  0.0443 0.9988
 60  0.4521  0.8902 -0.0564 -0.8916  0.4528  0.0000  0.0255  0.0503 0.9984
 61  0.4519  0.8899 -0.0627 -0.8916  0.4528  0.0000  0.0284  0.0559 0.9980
 62  0.4517  0.8895 -0.0686 -0.8916  0.4528  0.0000  0.0311  0.0612 0.9976
 63  0.4515  0.8891 -0.0745 -0.8916  0.4528  0.0000  0.0337  0.0664 0.9972
 64  0.4514  0.8888 -0.0793 -0.8916  0.4528  0.0000  0.0359  0.0707 0.9968
 65  0.4512  0.8885 -0.0832 -0.8916  0.4528  0.0000  0.0377  0.0742 0.9965
 66  0.4511  0.8883 -0.0860 -0.8916  0.4528  0.0000  0.0389  0.0767 0.9963
 67  0.4510  0.8882 -0.0879 -0.8916  0.4528  0.0000  0.0398  0.0784 0.9961
 68  0.4530  0.8909  0.0336 -0.8914  0.4532 -0.0008 -0.0159 -0.0295 0.9994
 69  0.4530  0.8909  0.0324 -0.8914  0.4532 -0.0008 -0.0154 -0.0285 0.9995
 70  0.4530  0.8910  0.0284 -0.8914  0.4532 -0.0008 -0.0136 -0.0250 0.9996
 71  0.4531  0.8912  0.0234 -0.8914  0.4532 -0.0008 -0.0113 -0.0205 0.9997
 72  0.4531  0.8912  0.0183 -0.8914  0.4532 -0.0008 -0.0090 -0.0159 0.9998
 73  0.4531  0.8915  0.0016 -0.8915  0.4531 -0.0005 -0.0011 -0.0012 1.0000
 74  0.4527  0.8914 -0.0232 -0.8916  0.4528  0.0000  0.0105  0.0206 0.9997
 75  0.4526  0.8912 -0.0296 -0.8916  0.4528  0.0000  0.0134  0.0264 0.9996
 76  0.4525  0.8910 -0.0371 -0.8916  0.4528  0.0000  0.0168  0.0331 0.9993
 77  0.4524  0.8908 -0.0434 -0.8916  0.4528  0.0000  0.0197  0.0387 0.9991
 78  0.4522  0.8905 -0.0493 -0.8916  0.4528  0.0000  0.0223  0.0440 0.9988
 79  0.4521  0.8903 -0.0552 -0.8916  0.4528  0.0000  0.0250  0.0492 0.9985
 80  0.4520  0.8900 -0.0601 -0.8916  0.4528  0.0000  0.0272  0.0536 0.9982
 81  0.4519  0.8898 -0.0639 -0.8916  0.4528  0.0000  0.0289  0.0570 0.9980
 82  0.4518  0.8896 -0.0666 -0.8916  0.4528  0.0000  0.0302  0.0594 0.9978
 83  0.4517  0.8895 -0.0685 -0.8916  0.4528  0.0000  0.0310  0.0610 0.9977
 84  0.0000  0.0000 -1.0000 -0.8916  0.4529  0.0000  0.4529  0.8916 0.0000
 85  0.0000  0.0000 -1.0000 -0.8916  0.4528  0.0000  0.4528  0.8916 0.0000
 86  0.0000  0.0000 -1.0000 -0.8916  0.4528  0.0000  0.4528  0.8916 0.0000
 87  0.0000  0.0000 -1.0000 -0.8916  0.4528  0.0000  0.4528  0.8916 0.0000
 88  0.0000  0.0000 -1.0000 -0.8916  0.4528  0.0000  0.4528  0.8916 0.0000
 89  0.0000  0.0000 -1.0000 -0.8916  0.4528  0.0000  0.4528  0.8916 0.0000
 90  0.0000  0.0000 -1.0000 -0.8916  0.4528  0.0000  0.4528  0.8916 0.0000
 91  0.0000  0.0000 -1.0000 -0.8915  0.4529  0.0000  0.4529  0.8915 0.0000
 92  0.0000  0.0000 -1.0000 -0.8915  0.4529  0.0000  0.4529  0.8915 0.0000
 93  0.0000  0.0000 -1.0000 -0.8916  0.4529  0.0000  0.4529  0.8916 0.0000
 94  0.0000  0.0000 -1.0000 -0.8916  0.4528  0.0000  0.4528  0.8916 0.0000
 95  0.0000  0.0000 -1.0000 -0.8916  0.4528  0.0000  0.4528  0.8916 0.0000
 96  0.0000  0.0000 -1.0000 -0.8916  0.4528  0.0000  0.4528  0.8916 0.0000
 97  0.0000  0.0000 -1.0000 -0.8916  0.4528  0.0000  0.4528  0.8916 0.0000
 98  0.0000  0.0000 -1.0000 -0.8916  0.4528  0.0000  0.4528  0.8916 0.0000
 99  0.0000  0.0000 -1.0000 -0.8916  0.4528  0.0000  0.4528  0.8916 0.0000
100  0.0000  0.0000 -1.0000 -0.6383 -0.7698  0.0000 -0.7698  0.6383 0.0000
101  0.9252 -0.0001  0.3795 -0.3795  0.0002  0.9252 -0.0001 -1.0000 0.0001
102  0.9917 -0.0001  0.1283 -0.1283  0.0001  0.9917 -0.0001 -1.0000 0.0001
103  0.9985 -0.0001  0.0551 -0.0551  0.0001  0.9985 -0.0001 -1.0000 0.0001
104  1.0000 -0.0001  0.0081 -0.0081  0.0001  1.0000 -0.0001 -1.0000 0.0001
105  0.9999 -0.0001 -0.0139  0.0139  0.0001  0.9999 -0.0001 -1.0000 0.0001
106  0.9993 -0.0001 -0.0367  0.0367  0.0001  0.9993 -0.0001 -1.0000 0.0001
107  0.9979 -0.0001 -0.0652  0.0652  0.0001  0.9979 -0.0001 -1.0000 0.0001
108  0.9134 -0.0001 -0.4070  0.4070  0.0000  0.9134 -0.0001 -1.0000 0.0001
109  0.9872 -0.0001 -0.1596  0.1596  0.0000  0.9872 -0.0001 -1.0000 0.0001
110  0.9962 -0.0001 -0.0873  0.0873  0.0001  0.9962 -0.0001 -1.0000 0.0001
111  0.9992 -0.0001 -0.0391  0.0391  0.0001  0.9992 -0.0001 -1.0000 0.0001
112  1.0000 -0.0001 -0.0052  0.0052  0.0001  1.0000 -0.0001 -1.0000 0.0001
113  0.9994 -0.0001  0.0352 -0.0352  0.0001  0.9994 -0.0001 -1.0000 0.0001
114  0.9955 -0.0001  0.0944 -0.0944  0.0001  0.9955 -0.0001 -1.0000 0.0001
115  0.9943 -0.0001 -0.1070  0.1070  0.0001  0.9943 -0.0001 -1.0000 0.0001
116  0.9899 -0.0001  0.1416 -0.1416  0.0001  0.9899 -0.0001 -1.0000 0.0001
117  0.0000  0.0000  1.0000  1.0000  0.0000  0.0000  0.0000  1.0000 0.0000
118  0.9886 -0.0001 -0.1504  0.1504  0.0001  0.9886 -0.0001 -1.0000 0.0001
119  0.9933 -0.0001  0.1152 -0.1152  0.0001  0.9933 -0.0001 -1.0000 0.0001
120  0.0000  0.0000 -1.0000  1.0000  0.0000  0.0000  0.0000 -1.0000 0.0000
121  0.0000  0.0000 -1.0000  0.0000 -1.0000  0.0000 -1.0000  0.0000 0.0000
122  0.0000  0.0000 -1.0000 -0.0455 -0.9990  0.0000 -0.9990  0.0455 0.0000
123  0.0000  0.0000 -1.0000 -0.0228 -0.9997  0.0000 -0.9997  0.0228 0.0000
124  0.0000  0.0000 -1.0000 -0.0185 -0.9998  0.0000 -0.9998  0.0185 0.0000
125  0.1826  0.9829  0.0229  0.9832 -0.1827  0.0000  0.0042  0.0226 -0.9997
126  0.1827  0.9831  0.0124  0.9832 -0.1827  0.0000  0.0023  0.0122 -0.9999
127  0.1827  0.9831  0.0081  0.9832 -0.1827  0.0000  0.0015  0.0079 -1.0000
128  0.1827  0.9832  0.0049  0.9832 -0.1827  0.0000  0.0009  0.0048 -1.0000
129  0.1827  0.9832 -0.0037  0.9832 -0.1827  0.0000 -0.0007 -0.0037 -1.0000
130  0.1826  0.9827  0.0313  0.9832 -0.1827  0.0000  0.0057  0.0308 -0.9995
131  0.1827  0.9830  0.0205  0.9832 -0.1827  0.0000  0.0037  0.0201 -0.9998
132  0.1827  0.9830  0.0161  0.9832 -0.1827  0.0000  0.0029  0.0158 -0.9999
133  0.1827  0.9831  0.0130  0.9832 -0.1827  0.0000  0.0024  0.0128 -0.9999
134  0.1827  0.9832  0.0031  0.9832 -0.1827  0.0000  0.0006  0.0031 -1.0000
135  0.0000  0.0000 -1.0000  0.9832  0.1825  0.0000  0.1825 -0.9832 0.0000
136  0.0000  0.0000 -1.0000  0.9832  0.1825  0.0000  0.1825 -0.9832 0.0000
137  0.0000  0.0000 -1.0000  0.9832  0.1825  0.0000  0.1825 -0.9832 0.0000
138  0.9887  0.0917 -0.1188  0.1213 -0.0217  0.9924  0.0884 -0.9956 -0.0326
139  0.9868  0.0000 -0.1622  0.1622  0.0000  0.9868  0.0000 -1.0000 0.0000
140  0.9815  0.0000 -0.1915  0.1915  0.0000  0.9815  0.0000 -1.0000 0.0000
141  0.9813  0.0000 -0.1925  0.1925  0.0000  0.9813  0.0000 -1.0000 0.0000
142  0.9885  0.0916  0.1207 -0.1171 -0.0437  0.9922  0.0962 -0.9948 -0.0325
143  0.9908  0.0000  0.1350 -0.1350  0.0000  0.9908  0.0000 -1.0000 0.0000
144  0.9979  0.0000  0.0650 -0.0650  0.0000  0.9979  0.0000 -1.0000 0.0000
145  0.9985  0.0000 -0.0542  0.0542  0.0000  0.9985  0.0000 -1.0000 0.0000
146  0.0000  0.0000 -1.0000  1.0000  0.0000  0.0000  0.0000 -1.0000 0.0000
147  1.0000  0.0000  0.0000  0.0000  0.0000  1.0000  0.0000 -1.0000 0.0000
148  1.0000  0.0000  0.0000  0.0000  0.0000  1.0000  0.0000 -1.0000 0.0000
149  1.0000  0.0000  0.0000  0.0000  0.0000  1.0000  0.0000 -1.0000 0.0000
150  1.0000  0.0000  0.0000  0.0000  0.0000  1.0000  0.0000 -1.0000 0.0000
151  1.0000  0.0000  0.0000  0.0000  0.0000  1.0000  0.0000 -1.0000 0.0000
152  1.0000  0.0000  0.0000  0.0000  0.0000  1.0000  0.0000 -1.0000 0.0000
153  1.0000  0.0000  0.0000  0.0000  0.0000  1.0000  0.0000 -1.0000 0.0000
154  1.0000  0.0000  0.0000  0.0000  0.0000  1.0000  0.0000 -1.0000 0.0000
155  1.0000  0.0000  0.0000  0.0000  0.0000  1.0000  0.0000 -1.0000 0.0000
156  1.0000  0.0000  0.0000  0.0000  0.0000  1.0000  0.0000 -1.0000 0.0000
157  1.0000  0.0000  0.0000  0.0000  0.0000  1.0000  0.0000 -1.0000 0.0000
158  1.0000  0.0000  0.0000  0.0000  0.0000  1.0000  0.0000 -1.0000 0.0000
159  0.0000  1.0000  0.0000  0.0000  0.0000  1.0000  1.0000  0.0000 0.0000
160  0.0000  1.0000  0.0000  0.0000  0.0000  1.0000  1.0000  0.0000 0.0000
161  0.4036  0.9149  0.0000  0.0000  0.0000  1.0000  0.9149 -0.4036 0.0000
162 -0.2385  0.9711  0.0000  0.0000  0.0000  1.0000  0.9711  0.2385 0.0000
163 -0.4327  0.9015  0.0000  0.0000  0.0000  1.0000  0.9015  0.4327 0.0000
164  0.5514  0.8342  0.0087 -0.0048 -0.0073  1.0000  0.8342 -0.5514 0.0000
165 -0.2459  0.9693  0.0101  0.0025 -0.0098  0.9999  0.9693  0.2459 0.0000
166  0.4060  0.9069 -0.1124  0.0459  0.1026  0.9937  0.9127 -0.4086 0.0000
167 -0.6955  0.7131 -0.0884 -0.0617  0.0633  0.9961  0.7159  0.6982 0.0000
168  0.9122 -0.4080 -0.0385  0.0352 -0.0157  0.9993 -0.4083 -0.9129 0.0000
169 -0.0016  0.0000 -1.0000  1.0000  0.0000  0.0000  0.0000 -1.0000 0.0000
170  0.0016  0.0000 -1.0000  1.0000  0.0000  0.0000  0.0000 -1.0000 0.0000
171 -0.0012  0.0002  1.0000  1.0000  0.0000  0.0000  0.0000  1.0000 -0.0002
172  0.0012 -0.0002 -1.0000  1.0000  0.0000  0.0000  0.0000 -1.0000 0.0002
173  0.0000 -1.0000  0.0000  0.0000  0.0000  1.0000 -1.0000  0.0000 0.0000
174  0.9306  0.0000 -0.3661  0.0000  1.0000  0.0000  0.3661  0.0000 0.9306
175  0.8574  0.0000 -0.5147  0.0000  1.0000  0.0000  0.5147  0.0000 0.8574
176  0.8666  0.0000  0.4990  0.0000  1.0000  0.0000 -0.4990  0.0000 0.8666
177 -0.0497  0.0000  0.9988  0.0000  1.0000  0.0000 -0.9988  0.0000 -0.0497
178 -0.7357  0.0000 -0.6773  0.0000  1.0000  0.0000  0.6773  0.0000 -0.7357
1757 0.0000  0.0000 -1.0000 -0.9132  0.4076  0.0000  0.4076  0.9132 0.0000
1758 0.0000  0.0000 -1.0000 -0.8915  0.4529  0.0000  0.4529  0.8915 0.0000
